Task 1:
sigma	0.010	0.030	0.100	0.300	1.000	3.000	10.000	30.000
C
0.010	0.498	0.498	0.502	0.502	0.502	0.498	0.502	0.502	
0.030	0.502	0.502	0.502	0.867	0.502	0.498	0.834	0.498	
0.100	0.498	0.502	0.943	0.872	0.834	0.810	0.815	0.810	
0.300	0.502	0.981	0.948	0.905	0.867	0.810	0.498	0.502	
1.000	1.000	0.995	0.948	0.934	0.905	0.848	0.815	0.829	
3.000	1.000	1.000	0.943	0.943	0.915	0.863	0.825	0.502	
10.000	1.000	1.000	0.962	0.934	0.929	0.900	0.848	0.815	
30.000	1.000	1.000	0.948	0.943	0.924	0.919	0.867	0.791	

Task 2:
Number of samples: 4000
Number of features: 1899
Train accuracy: 0.98775

Number of samples: 1000
Number of features: 1899
Test accuracy: 0.982